1 -68 -74
2 -66 -77
3 -61 -67
4 -58 -71
5 -58 -69
6 -58 -69
7 -63 -78
8 -62 -74
9 -63 -77
10 -69 -72
11 -69 -72
12 -73 -75
13 -74 -75
14 -73 -75
15 -74 -78
16 -74 -78
17 -68 -74
18 -63 -79
19 -67 -77
20 -69 -86
21 -69 -86
22 -67 -80
23 -70 -78
24 -70 -78
25 -70 -78
26 -68 -77
27 -66 -82
28 -72 -80
29 -74 -76
30 -74 -76
31 -77 -80
32 -69 -77
33 -67 -78
34 -62 -74
35 -62 -74
36 -62 -73
37 -67 -75
38 -62 -74
39 -70 -75
40 -70 -75
41 -63 -73
42 -68 -70
43 -69 -75
44 -65 -66
45 -68 -69
46 -68 -69
47 -70 -73
48 -69 -75
49 -68 -74
50 -68 -74
51 -68 -70
52 -69 -73
53 -69 -70
54 -69 -69
55 -69 -69
56 -66 -68
57 -66 -73
58 -65 -75
59 -72 -72
60 -63 -67
61 -63 -67
62 -63 -72
63 -65 -72
64 -67 -68
65 -67 -68
66 -72 -75
67 -73 -74
68 -72 -76
69 -72 -73
70 -72 -73
71 -73 -76
72 -70 -77
73 -69 -78
74 -74 -82
75 -74 -82
76 -75 -83
77 -75 -87
78 -76 -82
79 -72 -75
80 -72 -75
81 -72 -75
82 -72 -74
83 -70 -74
84 -68 -75
85 -68 -75
86 -69 -76
87 -56 -75
88 -71 -76
89 -72 -73
90 -72 -73
91 -72 -73
92 -76 -77
93 -79 -80
94 -80 -83
95 -80 -83
96 -76 -77
97 -76 -76
98 -77 -77
99 -76 -78
100 -78 -78
101 -77 -77
102 -77 -80
103 -77 -80
104 -77 -80
105 -76 -77
106 -71 -76
107 -71 -76
108 -70 -77
109 -76 -77
110 -76 -77
111 -77 -77
112 -78 -80
113 -74 -78
114 -74 -78
115 -76 -77
116 -76 -77
117 -77 -79
118 -79 -83
119 -79 -83
120 -75 -81
121 -76 -79
122 -68 -80
123 -68 -80
124 -68 -81
125 -64 -82
126 -66 -82
127 -66 -82
128 -67 -83
129 -67 -83
130 -65 -83
131 -58 -73
132 -60 -75
133 -60 -75
134 -64 -77
135 -61 -72
136 -60 -70
137 -60 -70
138 -60 -70
139 -64 -70
140 -61 -66
141 -61 -66
142 -62 -66
143 -60 -62
144 -50 -61
145 -54 -66
146 -58 -71
147 -64 -73
148 -68 -69
149 -68 -69
150 -68 -69
151 -71 -77
152 -71 -77
153 -66 -79
154 -71 -81
155 -72 -78
156 -75 -80
157 -75 -77
158 -75 -84
159 -75 -84
160 -75 -83
161 -72 -78
162 -59 -65
163 -59 -65
164 -66 -68
165 -65 -75
166 -61 -74
167 -59 -68
168 -59 -68
169 -55 -59
170 -51 -58
171 -43 -57
172 -43 -57
173 -49 -55
174 -49 -62
175 -55 -62
176 -49 -54
177 -58 -58
178 -58 -58
179 -50 -64
180 -52 -61
181 -62 -65
182 -62 -65
183 -59 -70
184 -61 -71
185 -74 -77
186 -82 -84
187 -82 -84
188 -74 -83
189 -77 -83
190 -78 -85
191 -70 -75
192 -71 -82
193 -71 -82
194 -75 -83
195 -71 -73
196 -71 -73
197 -70 -75
198 -70 -75
199 -74 -75
200 -74 -75
201 -76 -77
202 -76 -77
203 -60 -76
204 -62 -75
205 -67 -73
206 -67 -73
207 -61 -68
208 -57 -71
209 -51 -69
210 -51 -57
211 -51 -57
212 -55 -60
213 -59 -59
214 -40 -58
215 -51 -59
216 -54 -58
217 -54 -58
218 -55 -59
219 -58 -68
220 -58 -68
221 -60 -63
222 -62 -67
223 -62 -67
224 -69 -77
225 -69 -79
226 -69 -79
227 -72 -83
228 -74 -84
229 -77 -84
230 -77 -84
231 -78 -84
232 -78 -84
233 -81 -84
234 -81 -84
235 -77 -83
236 -77 -83
237 -57 -65
238 -57 -60
239 -56 -59
240 -56 -59
241 -58 -63
242 -61 -63
243 -59 -66
244 -58 -59
245 -58 -59
246 -59 -60
247 -62 -63
248 -62 -64
249 -62 -64
250 -61 -71
251 -61 -71
252 -61 -71
253 -69 -72
254 -67 -73
255 -67 -73
256 -66 -72
257 -63 -70
258 -65 -71
259 -70 -78
260 -65 -76
261 -65 -76
262 -74 -76
263 -67 -75
264 -73 -79
265 -73 -79
266 -78 -80
267 -77 -80
268 -75 -76
269 -78 -79
270 -80 -82
271 -81 -83
272 -81 -83
273 -77 -82
274 -80 -81
275 -80 -81
276 -78 -78
277 -78 -78
278 -81 -81
279 -83 -84
280 -82 -85
281 -82 -85
282 -84 -84
283 -82 -83
284 -79 -80
285 -79 -80
286 -73 -75
287 -76 -78
288 -74 -77
289 -75 -79
290 -76 -79
291 -76 -79
292 -70 -75
293 -71 -79
294 -77 -77
295 -75 -77
296 -75 -77
297 -74 -74
298 -81 -85
299 -76 -77
300 -76 -77
301 -68 -71
302 -67 -73
303 -72 -75
304 -72 -74
305 -64 -68
306 -64 -68
307 -67 -73
308 -64 -69
309 -64 -73
310 -64 -73
311 -56 -72
312 -52 -63
313 -45 -58
314 -67 -69
315 -67 -69
316 -67 -68
317 -70 -73
318 -71 -71
319 -71 -71
320 -68 -77
321 -68 -77
322 -66 -72
323 -66 -69
324 -65 -71
325 -65 -71
326 -69 -76
327 -65 -75
328 -72 -76
329 -72 -76
330 -71 -74
331 -69 -73
332 -72 -74
333 -72 -74
334 -72 -74
335 -71 -78
336 -68 -69
337 -59 -66
338 -67 -68
339 -65 -71
340 -65 -71
341 -67 -69
342 -70 -73
343 -68 -71
344 -68 -71
345 -63 -68
346 -63 -68
347 -64 -67
348 -60 -65
349 -55 -65
350 -55 -65
351 -55 -64
352 -53 -56
353 -64 -69
354 -64 -69
355 -71 -74
356 -71 -75
357 -62 -67
358 -68 -71
359 -67 -69
360 -67 -69
361 -59 -72
362 -63 -71
363 -57 -67
364 -57 -67
365 -66 -68
366 -67 -72
367 -69 -73
368 -69 -75
369 -69 -75
370 -69 -70
371 -69 -73
372 -69 -80
373 -69 -75
374 -75 -85
375 -84 -88
376 -84 -92
377 -87 -90
378 -81 -91
379 -81 -91
380 -80 -88
381 -81 -89
382 -77 -83
383 -83 -83
384 -83 -83
385 -76 -83
386 -82 -83
387 -71 -80
388 -74 -83
389 -74 -85
390 -66 -86
391 -69 -86
392 -66 -86
393 -73 -86
394 -73 -86
395 -78 -86
396 -80 -84
397 -80 -86
398 -86 -91
399 -86 -91
400 -87 -87
401 -88 -89
402 -89 -89
403 -89 -89
404 -89 -89
405 -76 -84
406 -71 -78
407 -65 -70
408 -69 -70
409 -69 -70
410 -81 -82
411 -67 -82
412 -74 -82
413 -74 -82
414 -86 -88
415 -83 -86
416 -86 -88
417 -86 -86
418 -86 -88
419 -84 -86
420 -82 -84
421 -72 -85
422 -80 -84
423 -80 -84
424 -84 -85
425 -84 -85
426 -83 -84
427 -85 -85
428 -85 -85
429 -83 -85
430 -83 -84
431 -84 -86
432 -85 -87
433 -85 -87
434 -86 -87
435 -77 -87
436 -73 -88
437 -76 -76
438 -76 -76
439 -73 -75
440 -76 -76
441 -71 -73
442 -68 -71
443 -68 -71
444 -63 -65
445 -59 -60
446 -58 -59
447 -59 -63
448 -59 -63
449 -67 -67
450 -64 -66
451 -64 -66
452 -68 -71
453 -68 -71
454 -68 -71
455 -70 -70
456 -72 -73
457 -73 -75
458 -75 -76
459 -81 -81
460 -78 -81
461 -84 -84
462 -84 -84
463 -66 -78
464 -63 -81
465 -59 -67
466 -60 -72
467 -60 -72
468 -60 -72
469 -67 -68
470 -73 -75
471 -71 -74
472 -71 -74
473 -60 -74
474 -59 -73
475 -58 -70
476 -62 -72
477 -62 -72
478 -61 -62
479 -59 -64
480 -66 -69
481 -66 -69
482 -68 -73
483 -62 -65
484 -62 -65
485 -69 -71
486 -74 -76
487 -73 -74
488 -73 -74
489 -71 -77
490 -74 -77
491 -74 -77
492 -64 -76
493 -63 -76
494 -68 -76
495 -70 -76
496 -70 -76
497 -66 -76
498 -66 -76
499 -74 -76
500 -74 -76
501 -74 -76
502 -76 -80
503 -73 -76
504 -70 -76
505 -66 -76
506 -66 -76
507 -55 -72
508 -55 -66
509 -55 -66
510 -59 -62
511 -61 -65
512 -62 -65
513 -64 -65
514 -64 -65
515 -62 -66
516 -63 -68
517 -63 -70
518 -64 -66
519 -64 -66
520 -60 -68
521 -62 -62
522 -52 -66
523 -49 -64
524 -49 -64
525 -65 -69
526 -65 -66
527 -66 -66
528 -60 -61
529 -60 -61
530 -54 -65
531 -56 -62
532 -57 -64
533 -59 -67
534 -59 -67
535 -62 -64
536 -61 -67
537 -55 -65
538 -55 -65
539 -51 -67
540 -64 -65
541 -65 -67
542 -65 -67
543 -67 -69
544 -52 -65
545 -56 -64
546 -54 -65
547 -54 -65
548 -55 -63
549 -57 -67
550 -64 -67
551 -58 -64
552 -58 -64
553 -60 -64
554 -56 -62
555 -53 -60
556 -59 -67
557 -61 -68
558 -61 -68
559 -67 -69
560 -64 -68
561 -70 -74
562 -70 -74
563 -70 -76
564 -74 -75
565 -75 -76
566 -75 -76
567 -75 -76
568 -72 -75
569 -74 -76
570 -76 -76
571 -71 -76
572 -69 -76
573 -69 -76
574 -69 -76
575 -67 -73
576 -62 -76
577 -56 -72
578 -56 -72
579 -65 -68
580 -67 -68
581 -64 -65
582 -64 -65
583 -60 -67
584 -60 -61
585 -57 -63
586 -58 -63
587 -58 -63
588 -71 -73
589 -75 -76
590 -72 -74
591 -76 -78
592 -68 -76
593 -61 -76
594 -61 -76
595 -63 -76
596 -63 -76
597 -68 -76
598 -73 -76
599 -73 -76
600 -74 -76
601 -76 -79
602 -75 -76
603 -76 -76
604 -76 -76
605 -75 -76
606 -72 -76
607 -76 -76
608 -66 -72
609 -63 -64
610 -60 -65
611 -63 -68
612 -72 -72
613 -72 -72
614 -69 -75
615 -72 -75
616 -72 -75
617 -75 -76
618 -75 -76
619 -76 -77
620 -76 -79
621 -76 -79
622 -76 -77
623 -73 -76
624 -72 -76
625 -63 -76
626 -63 -76
627 -73 -76
628 -76 -77
629 -70 -76
630 -76 -76
631 -76 -76
632 -69 -76
633 -65 -73
634 -62 -66
635 -58 -64
636 -58 -64
637 -58 -61
638 -64 -66
639 -67 -70
640 -67 -71
641 -67 -71
642 -69 -73
643 -75 -75
644 -71 -76
645 -71 -76
646 -70 -72
647 -69 -75
648 -69 -75
649 -68 -75
650 -68 -75
651 -64 -76
652 -66 -76
653 -67 -76
654 -72 -73
655 -74 -76
656 -74 -76
657 -74 -75
658 -76 -81
659 -76 -80
660 -76 -80
661 -76 -80
662 -67 -76
663 -66 -76
664 -59 -76
665 -59 -76
666 -59 -76
667 -61 -76
668 -68 -76
669 -72 -76
670 -72 -76
671 -69 -76
672 -70 -76
673 -75 -76
674 -70 -76
675 -70 -76
676 -76 -83
677 -76 -88
678 -76 -90
679 -76 -90
680 -76 -90
681 -76 -90
682 -76 -88
683 -76 -90
684 -76 -90
685 -76 -90
686 -76 -90
687 -76 -90
688 -76 -88
689 -76 -88
690 -76 -89
691 -76 -88
692 -76 -87
693 -76 -87
694 -76 -87
695 -76 -88
696 -76 -88
697 -76 -88
698 -76 -88
699 -71 -76
700 -71 -76
701 -70 -76
702 -68 -76
703 -62 -76
704 -63 -75
705 -63 -75
706 -61 -68
707 -51 -65
708 -58 -62
709 -63 -65
710 -63 -65
711 -63 -69
712 -64 -67
713 -62 -69
714 -62 -69
715 -62 -68
716 -63 -64
717 -64 -72
718 -64 -65
719 -64 -65
720 -65 -67
721 -65 -65
722 -68 -68
723 -63 -69
724 -63 -69
725 -65 -68
726 -63 -68
727 -64 -68
728 -63 -71
729 -63 -71
730 -70 -73
731 -69 -71
732 -70 -71
733 -70 -72
734 -67 -70
735 -67 -70
736 -64 -71
737 -63 -70
738 -64 -71
